29.1547594742
19.6977156036
26.4196896272
23.1948270095
45.2769256907
15.8113883008
33.6154726279
64.0312423743
5.09901951359
18.4390889146
23.5372045919
60.827625303
17.2626765016
28.0713376952
29.1547594742
50.1198563446
24.6981780705
32.2490309932
12.0830459736
27.2029410175
37.4432904537
42.4264068712
36.2491379208
25.9615099715
83.1504660239
46.0651712251
43.931765273
24.3310501212
32.5576411922
17.0880074906
56.462376854
12.1655250606
27.2029410175
25.0199920064
18.1107702763
32.2800247831
44.2944691807
12.7279220614
18.3847763109
40.4969134626
19.6977156036
36.3593179254
52.8015151298
38.6005181312
55.2268050859
16.4924225025
27.4590604355
31.0483493925
6.32455532034
31.4006369362
34.205262753
20.0997512422
5.83095189485
11.6619037897
21.9544984001
22.360679775
18.4390889146
15.0332963784
56.8506816142
13.416407865
10.295630141
32.2490309932
10.1980390272
52.1536192416
35.4682957019
17.0293863659
24.2074368738
7.07106781187
29.7321374946
13.9283882772
37.3630833845
39.2173431023
7.07106781187
47.4341649025
73.4982993001
23.1948270095
30.2324329157
49.3963561409
4.472135955
21.2602916255
52.172789843
41.400483089
11.0453610172
27.0185121722
15.2315462117
26.3058928759
34.9857113691
43.0813184571
27.892651362
8.48528137424
32.2490309932
21.0237960416
63.387695967
17.0880074906
17.4928556845
24.3310501212
15.8113883008
46.5188133985
19.2353840617
23.0217288664
