23.706539182259394
52.3450093132096
16.55294535724685
34.40930106817051
20.8806130178211
6
29.5296461204668
8.602325267042627
10.0
7033144922902
19.79898987322333
25.019992006393608
22.80350850198276
20.396078054371138
33.734255586866
24
68.26419266350405
31.144823004794873
24.08318915758459
2.0
70.11419257183242
51.478150704935004
48.76474136094644
21.587033144922902
19.235384061671343
22.090722034374522
28.844410203711913
10.770329614269007
62.12889826803627
46.32493928760188
69.9714227381436

31.622776601683793
15.297058540778355
14.212670403551895
25.059928172283335
33.015148038438355
24.08318915758459
13.038404810405298
24.08318915758459

15.297058540778355
38.600518131237564
13.038404810405298
17.029386365926403
37.36308338453881

30.23243291566195
50.4777178564958512.0
27.313000567495326
25.612496949731394
38.07886552931954
68.87670143089025
31.016124838541646
50.11985634456667
24.041630560342615
17.204650534085253
15.620499351813308
54.91812087098393
21.213203435596427
20.0997512422417817.4928556845359
10.198039027185569
6.076809620810597
21.2602916254693

27.85677655436824
27.202941017470888
12.806248474865697
28.844410203711913
43.289721643826724
36.79673898594819520.591260281974
19.697715603592208
43.86342439892262
28.178005607210743
33.28663395418648
30.5941170815567120.248456731316587
37.12142238654117

33.61547262794322
